Dimensions of the feature matrix:  (34999, 256)
Features matrix looks like: 
[[ 0.  0.  0. ...,  0.  0.  0.]
 [ 1.  0.  0. ...,  0.  0.  0.]
 [ 1.  0.  0. ...,  0.  0.  0.]
 ..., 
 [ 1.  0.  0. ...,  0.  0.  0.]
 [ 1.  0.  0. ...,  0.  0.  0.]
 [ 1.  0.  0. ...,  0.  0.  0.]]
Dimension of the gap vector:  (34999,)
Gap vector looks like:  [ 1.19  1.6   1.49 ...,  1.75  1.96  2.08]
Feature matrix times its inverse has shape:  (256, 256)
Feature matrix times its transpose looks like: 
[[ 22507.      0.      0. ...,      0.      0.      0.]
 [     0.      0.      0. ...,      0.      0.      0.]
 [     0.      0.      0. ...,      0.      0.      0.]
 ..., 
 [     0.      0.      0. ...,      0.      0.      0.]
 [     0.      0.      0. ...,      0.      0.      0.]
 [     0.      0.      0. ...,      0.      0.      0.]]
Lambda penalty:  4
Ridge matrix has shape:  (256, 256)
Ridge matrix looks like: 
[[ 1.  0.  0. ...,  0.  0.  0.]
 [ 0.  1.  0. ...,  0.  0.  0.]
 [ 0.  0.  1. ...,  0.  0.  0.]
 ..., 
 [ 0.  0.  0. ...,  1.  0.  0.]
 [ 0.  0.  0. ...,  0.  1.  0.]
 [ 0.  0.  0. ...,  0.  0.  1.]]
Regression weights vector has shape:  (256,)
Regression weights look like: 
[ 0.01952792  0.          0.          0.          2.31202424  0.00701304
  0.05112187  0.          0.          0.          0.          0.          0.
  0.          0.          0.          0.          0.          0.          0.
  0.          0.          0.          0.         -0.05366768  0.          0.
  0.          0.          0.          0.          0.          0.          0.
  0.          0.          0.22025388  0.          0.          0.          0.
  0.          0.          0.30769371  0.          0.          0.          0.
  0.          0.          0.          0.          0.          0.          0.
  0.          0.          0.          0.          0.          0.          0.
  0.          0.          0.          0.          0.         -0.22453516
 -0.2804369   0.          0.         -0.02014045  0.          0.          0.
  0.          0.          0.          0.          0.          0.          0.
  0.          0.          0.          0.         -0.07072007  0.          0.
 -0.09515423  0.          0.          0.          0.          0.          0.
  0.          0.          0.          0.          0.         -0.20081063
  0.          0.          0.          0.          0.          0.          0.
  0.          0.          0.          0.          0.          0.          0.
  0.          0.         -0.42901067  0.          0.          0.
 -0.02861155  0.          0.          0.01981075  0.          0.          0.
  0.          0.          0.05112187  0.          0.          0.          0.
  0.          0.          0.          0.          0.          0.          0.
  0.          0.          0.          0.          0.          0.          0.
  0.          0.          0.          0.          0.          0.          0.
  0.          0.          0.          0.          0.          0.          0.
  0.          0.          0.          0.          0.          0.          0.
  0.          0.03635817  0.          0.         -0.01747031  0.          0.
  0.          0.          0.          0.          0.          0.          0.
  0.         -0.06062679  0.          0.          0.          0.          0.
  0.          0.          0.         -0.29516235  0.          0.
  0.05398496  0.05398496  0.          0.          0.          0.          0.
  0.          0.          0.19062051  0.          0.          0.          0.
  0.          0.          0.          0.          0.         -0.20081063
  0.          0.          0.          0.          0.          0.
 -0.13953136  0.16968834  0.          0.          0.          0.          0.
  0.          0.          0.          0.          0.          0.          0.
  0.          0.          0.          0.          0.00701304  0.          0.
  0.          0.         -0.06983688  0.          0.         -0.32431122
 -0.05504543  0.          0.          0.          0.        ]
Test matrix has shape:  (34999, 256)
Test matrix looks like: 
[[ 0.  0.  0. ...,  0.  0.  0.]
 [ 0.  0.  0. ...,  0.  0.  0.]
 [ 1.  0.  0. ...,  0.  0.  0.]
 ..., 
 [ 0.  0.  0. ...,  0.  0.  0.]
 [ 0.  0.  0. ...,  0.  0.  0.]
 [ 1.  0.  0. ...,  0.  0.  0.]]
Actual HOMO-LUMO gaps vector has shape:  (34999,)
HOMO-LUMO actual values look like:  [ 2.04  1.3   2.32 ...,  1.76  1.62  1.87]
Predicted HOMO-LUMO gaps vector has shape:  (34999,)
HOMO-LUMO predicted values look like:  [ 1.98962484  1.77493835  2.38228278 ...,  2.06859506  1.8602439
  1.72259912]
RMSE with ridge method:  0.297137650993
